71.20012646184108 93.88626352164823
26.426695820831824 -139.61155717891265
71.52620188095099 -43.62549912784282
46.160352675997395 93.31255051515333
3.159869505765893 -46.666495869612184
-115.34183716784672 -44.31709523842353
-83.47003947189916 -96.46945999391498
-33.17709523699151 86.1344451299867
98.4634635962432 84.57727883739798
-64.23076696593519 89.12825024628302
74.97792609029547 115.64916262643085
95.19218783370081 -7.236301534355315
-8.228527628370244 -89.94193740122306
27.307808959244607 -136.10792660230996
104.5579722335331 0.41470840781941093
29.313435179907913 -86.00897380880555
14.976564306055685 138.58265738559305
-101.59600143915871 -84.57668709722793
99.21986257530443 -29.86666171462741
22.33784631781221 -117.4804969219821
-100.4381066034827 -91.35018524716666
-87.13829686577171 -90.40150574191199
-58.4453150175628 106.1187243283082
103.55014573658394 11.771939583696318
96.69320187714642 88.2366341004485
56.55869150945412 -142.2374173231603
99.67927637448882 60.27114982620038
-58.73464465075594 91.1298392835867
24.13469264800273 46.445988472416296
96.32483149381318 46.7847272738695
-97.66141157182443 98.71609021731601
79.07820195054514 161.2178580383136
102.04311524903892 44.317130288845
-48.20994540723656 58.609954337803345
19.462169586406258 -97.73037827691637
-106.75434216492202 -8.349940747892589
85.13477810886783 -99.90969441619698
-76.42142172413605 59.90728538324535
108.2643110304752 -21.56455365203524
-76.43674708537822 -96.5030882219459
-97.83322896026752 82.57818871470857
74.57042519680024 49.26405048311572
-67.8609819244089 -2.419569532844036
0.8965283068504687 -101.82468522939676
-152.14702774389428 -161.675525846849
138.14377612789158 123.47282374733064
-3.975666921098862 -61.05353385896534
-51.649346799031754 -19.66180930093546
52.73250357798811 51.05040370051852
13.568006061574716 -23.210360390000723
25.740022610545452 4.901497404489156
-10.492510300918145 -58.32529001095869
-3.646287766845609 -30.37030840892965
75.38099724720018 46.59988326849825
82.92183509714468 94.78658462174754
63.518046601760105 -40.65185396424582
-75.43620549441128 -32.46324448844479
-10.59467314624054 -64.12895027079986
-2.892437895673524 117.09005768249997
129.35493140758277 24.680490772156702
-43.29615789821037 -45.04681678124355
-15.657859423212447 7.809419737285516
31.908207818514434 0.866380344470896
-14.871872767988888 -4.42545080378636
8.03880740887235 17.92862846563699
-14.005002612317574 -11.641463893334391
-21.120222485242383 -12.34802348497741
3.4025821266252056 58.25592368213477
80.99102231352339 44.888814944198906
-117.72676861098168 -110.6240647282197
-9.236951488487989 -6.267798289842873
4.945441165772491 6.60529536876009
-20.261273535484868 -44.50101219991416
-7.111263934858831 156.5430749724454
-179.615275276175 -73.55676482096469
31.72215126858197 63.81068654895879
-3.8965637969621656 21.319630616357806
53.75810552963745 21.783368725525598
-14.88387368355417 -43.46438670226063
-19.858610168711884 -10.519832689290903
-31.14248229096715 -5.496643467616073
20.506892146291783 40.897150907403166
7.355711854250272 -25.673856415499337
-22.538964368715515 -2.4178850542680954
-34.73037920367386 -58.954552483272444
-31.477923645182738 21.65252444465972
29.40815162498836 19.371332089645318
25.598888706485763 42.31249851590319
14.381022277513651 114.78908461729417
-169.9221940380813 -86.6340642702991
-1.4848241141667144 68.33252606236535
39.98843847141434 -16.202162099038343
-24.41135212970749 1.0732334498094447
18.4283564900005 37.55206598530969
11.613661637543762 0.98803708743898
-11.435931208438351 -0.6999881863029489
-12.204899555505044 -35.01345071419659
-17.566885601010352 -12.872147253526743
-8.272649990771948 -5.668099971141543
28.643216763690603 49.432533823708894
21.377599348487866 -32.79917984433256
-63.82231813367684 -38.15392978317883
2.434805733698861 16.456478627061472
14.977863303091407 155.19490126610341
-178.12550515469684 -87.2772043663789
69.32944961492417 91.42792152004682
39.01244156353827 -17.36610393415794
-59.353398556458586 -28.258559000082233
-2.2730738788908806 1.4129164923513202
1.8169272106130474 -19.38623350960549
-50.6865785603422 -8.631972125094359
27.803570685237002 65.47220216352005
24.45555984643554 -27.34435337630073
-70.45316025465964 -40.55709806671505
19.8161607870762 48.44078093335661
23.63068916350782 -1.3440685941367423
-124.45739351758789 178.68373288093562
-33.963506328688105 -63.455456233968874
19.012954985490243 -130.5579709548224
-172.42011545789228 -96.37732338913781
-20.547822054483134 -49.82871777116868
-41.75022995074404 4.017393005105848
-11.823946963722186 0.2773830990110761
-6.2915605858745165 -7.780280879950201
2.6902052293255636 -9.0984504500871
-18.450236133960487 -11.86338807336612
26.89789719743842 52.30188090263208
13.145746935735506 13.195446303921324
49.22794161252962 63.27732169276949
-2.4634085508066987 0.49885256424132296
-14.90994563264535 65.74160382806805
144.1779954498673 103.59053742928332
-18.290830767611773 -53.564709442279664
-9.184691664887225 -2.6246700847889106
160.8478220481506 -111.77248468459061
44.92412906932661 66.39814265861872
-5.407165859626955 -7.371543348878636
-0.3728973112094563 4.89480420309613
4.600621668579881 25.788254305769446
1.8791478859444486 -5.922744941889984
-10.230025445743415 1.9122149091336549
-5.26439780025104 -52.77911420228006
-34.30244629963057 -76.98600046728525
-88.69384378646748 -55.929278223461836
56.06591811345115 83.75517962934975
33.59832361577968 -69.94856157411452
-121.81031246425584 -70.91809278183241
-10.419301062041667 69.95708570414422
-6.033438014677793 59.13743736593386
167.1638818284938 -119.33035827655468
-25.50010303846068 -33.21460968486607
-7.163954485280174 14.623525378112289
42.87993169506182 10.24923864329286
-5.735049699988089 -11.234247558859954
-10.01953538255806 7.384830676597233
36.43076070305002 15.929671696911804
-1.5331417791236288 -33.259222980161255
-7.136307519777247 55.06930349574925
65.49774565200435 25.18921449876908
-32.166116815648316 -39.42210705881485
-28.48740534290411 -178.83429512103876
151.77588277856378 14.767847168435273
-6.643550344735802 -11.334235408237825
2.0653086829450538 159.8674006725631
169.46424293196517 -87.02486453336213
48.65517244349252 57.97472127708524
3.6440617153659853 12.149398674003251
41.99962909747067 19.490846935404853
-5.201283024933628 -37.0681676778509
-9.84416476175333 0.4640460394026788
19.959918748146507 1.201509025736058
-27.109161307634093 -54.175782727843746
-11.522250985380454 -27.254785156598672
-30.54013498628353 -16.90838468509963
31.15582074822152 29.53319634018754
10.987830182391159 -63.60037434140319
-57.26990549024283 -22.668087982348787
25.04739011544113 -6.047107564706468
-8.44119152920094 104.73899430548315
-173.19154375641088 -97.15215571566965
4.313921009985515 65.4313224990119
37.53488824494864 -18.639682024226076
-46.90401525422618 -11.667396652203145
5.026215480603361 -5.2732026623100525
3.9243725914756284 0.4465304352081325
18.299203043550143 -3.2728888866896573
-4.495156263956487 -49.37528013031696
-11.038847267411997 18.09764079477845
46.82784559475051 12.675565851246926
2.4181345391869646 11.314057942601412
6.8234406691672245 -2.3154555538255646
-33.047807755916686 -6.76319551082406
10.934583126762512 43.692177401580736
15.478430635780876 -52.14813225580976
-174.1087562544706 -133.99800632964514
17.853132842397248 47.14501565481594
28.18964851790046 12.160766984435579
48.029270866303115 36.39193799228713
-14.528639781956272 -26.418683545034902
-19.111926089899114 17.474369366263197
19.85345564605868 28.789083101320287
-28.53718546315145 -51.225114462239944
-40.15704189890781 20.997896470810304
36.65578384084218 14.596883841882626
0.7098972320139871 5.489343099983899
2.7709254704363 -3.4306032012021634
1.2381991278130267 -7.12824147509272
12.927404608343268 27.2159856344143
18.167448535531 174.46990506093783
177.1228622035852 -123.3722965639294
12.281165887096327 23.214159807754477
0.7390546446425998 -37.93048682912125
-73.68399749624508 -22.058826339797143
8.941416387872058 53.995445707486034
25.056588167324545 -31.811075520849773
-67.10411723484067 -24.22013245650753
34.249345186010146 83.06241352027475
55.418175138278855 -16.882498234411102
-35.58726964319052 -4.074290017204721
-15.3234011128889 -42.96629914729577
-14.111989686939866 10.959482287367255
44.70893357162443 19.60530038207858
-2.07324312440772 -11.17025900314223
8.93588521039938 100.73692045018157
165.9947079194971 -85.20666050605818
-1.8979242507117235 16.88302135222511
37.02255824719032 9.865477286454842
-61.28751753880509 -32.82230160272907
42.80589691561474 70.88934620047323
29.483842040287843 1.5693783176353466
-58.86228150987382 -26.801218184564622
27.300227002495394 60.71743774963816
-35.54053888536565 -1.408041696168849
-41.965555891617505 -12.288604739260741
19.517206568514684 43.42475592379218
30.66313091664849 4.18863716935014
18.098543172421216 -31.902554508136056
-18.551970227146477 -69.36183713117984
-18.33065925600005 103.71810340373275
-177.49194462556875 172.32655064069758
0.25503890843998994 -91.12333433971507
-86.85129897824139 -68.62104635974147
-86.11194816695739 -13.972013159387487
-6.131969794598356 -59.88694585313282
14.85658290839016 21.84668085490203
19.739375038074048 -6.513921973561193
27.562103854795488 81.60555288977655
-0.9254116345974007 1.5561904918111493
-2.0729624307802856 7.998188873427073
2.2861641039979723 -7.748103077283222
35.00338469435048 25.417603737850712
77.80811900516701 19.816026572545237
9.191387893503038 -54.88908170075383
-52.00944597375069 165.88146970786062
155.1528078417897 64.3747937934394
-60.80198356457777 -119.10151767838208
-115.62470235223326 -15.62704904121508
61.282436350963614 45.47009248135027
30.760959870076338 91.50983588846628
30.053368978561192 -59.87214741213698
-86.88624315601847 11.015839539369123
-1.743814850730295 -68.53120764857215
-41.054333022608645 6.192644788763048
35.81385736612465 26.517326318783486
32.99942263619661 88.45710483605903
57.913961511502805 32.15199682360719
51.120041655985986 -12.700955104709125
-46.20646329123408 -98.6870406272964
-74.2753672388732 -102.98166319177042
-102.26659814632555 -57.78305644544016
-100.11809649249176 -115.91348710655855
-80.49639241313885 53.05483439418479
85.1806697775605 48.9919435082476
20.891232467927402 -71.86874314148406
-30.369339745149876 22.69634766710897
85.55846657623829 39.931663983557335
-20.637358075370713 -97.81115422078864
-85.11974511564178 47.88585509280354
79.05492650519409 50.27535839478468
29.87526256685439 45.01014937790826
-29.675211308284556 -7.502836224781333
-79.90909072166819 -65.18006167316113
-33.45661647144262 -10.530076161936977
1.1248495925062352 34.59748697840124
125.70031554963842 -151.15907923922023
-75.96753981989524 -97.3333406992074
-22.223565033382346 11.145294810352127
56.77910564326384 17.64131779904366
-10.128625593640642 -37.420876998480075
4.318633839580621 38.333106564597735
75.90377780733641 44.458859393565845
-99.80774413007329 -97.96554658992586
-31.844543612292707 44.70861943906117
83.12905708256199 55.96473062663875
8.832248481387849 -65.20808738647354
-20.54818818000746 -38.568977694971466
-80.77190539556113 -34.86877279270193
74.91900989704352 91.50494493284151
33.029315297267026 83.31234563965978
173.19281851166215 -54.49028357109361
-13.12609510646902 2.969330257387368
9.38660107989925 36.229363297364685
62.176521444313664 -1.463836314756534
24.672703499999493 11.066898264367417
11.524086155559033 -22.292652060150676
-26.687140260116006 -26.64312795547046
-7.266298201388977 -22.946137272864384
7.291994287594828 -36.46219105559418
-47.41102552490235 -13.36905228791268
25.131784050625583 -7.826576267220863
3.4433041498047148 25.5344845500032
32.202032850362556 9.71822379982691
-60.879072076332015 -64.0346796255901
-20.191202922127612 119.27433653729824
-173.3195973063041 -86.96963162521767
-16.245757673069303 -59.39568115634353
-24.09382580281968 9.698963123494577
68.68283658838807 33.55152023853747
23.42222715526158 40.67016635956737
17.97000065042082 1.8477015146439333
55.39512399274927 21.76147338391632
-11.315106156242418 -66.5522729411569
-24.439115664904328 -6.295807699504611
22.868876726346024 4.569440541306943
13.212201257840064 13.877774240496736
9.80764235430719 0.1433867639881002
10.118823773033048 -0.6832579627195633
-1.4581630615220798 -27.909604924603812
-9.687352081364905 98.8634496211956
179.22590975974052 -69.28601758081948
18.159510197145128 58.70522038667024
34.541533852164456 2.0086964575587998
30.67401544052766 -7.971335771999643
-24.629788411675918 -47.43873628814726
-19.845854676365278 1.5159706800696808
15.258638792203989 -0.6580808664379677
11.35504263678102 18.394711359806617
14.696710639410954 8.760894657443991
22.239703349301674 -8.310045729823566
-18.85985843308707 -56.99038349554768
-21.35002636472547 2.9828398275910115
26.442169840786487 10.809456724156476
6.963728728202766 7.590959439610474
4.446843638527574 135.83861214261432
-176.2718749171106 -113.34788627113795
-29.004593975727573 -51.774675495759624
-6.633310816639696 -3.995778157667202
35.99476410384726 13.957290657216394
12.837912470849924 19.044606883015796
4.461375098998323 -3.4576057694640587
11.000619808502707 3.3657322762386985
-11.523628264657228 -39.48372051754242
-10.619915662268184 12.729602517906653
59.31382066568122 30.93609687409148
16.90606479364954 18.704994607877076
12.845913901765226 -20.176929063344506
-48.406818573418676 -26.772318703156074
-3.920999471248251 -11.29681576914433
-3.340921015436482 -43.62299334880666
177.4080398846962 -162.51245454427198
-13.023761924703608 -28.33229912042105
8.586726068890034 0.016056892833131074
-14.353976284547734 -16.49026730026872
4.02869336204011 3.077179580518272
0.09493292947868119 -15.958203924558987
-39.5558855025643 -17.01530456616167
-7.526555237386824 -11.49375971086272
-2.7091747006029636 21.71600506240122
36.45702341798543 9.908769511944193
19.133549056574818 46.43737037145113
28.7738148998775 -21.02949039692189
-45.69522536518476 -29.357187736311865
-5.113127517276719 -14.024490068072092
-8.59951795968173 135.608947728513
173.94187970264895 -77.86133880500144
16.171823530028284 23.33928890091381
7.756783090798831 -12.731742481578598
-20.9271193481788 -8.528639380276415
-11.890745364265072 -33.848394221354916
-7.52067616902353 -5.459340197802012
-29.898380609635932 -12.802606834684154
25.486576452743098 57.78854240838628
16.24727749646363 -11.922990958898591
-17.459611632298135 -4.926721372428264
-19.089219989869367 -61.50295340480772
-22.157500311151843 6.218868459543407
19.36907842856801 6.521657278177309
21.155772638325427 58.15193393946606
26.773450458011464 147.50077006255938
179.58410353270375 -89.54440500921349
10.640025009206877 -11.809729243470205
-16.25726048722016 -3.2009008405813635
16.93013317728921 17.282032552402317
13.171429579201032 20.917434766038074
-0.1832889305711374 7.789449240759768
16.329308259243312 11.646564695946237
-11.914239890839227 -26.90767455750743
-14.431100831919643 4.8275600422185425
19.917672957521262 16.617499197858074
8.402010893033543 -5.509928496052183
-10.279262125040965 -20.82385572022408
-41.192695297077705 -10.694735694849918
-2.5412672458093017 -0.6953457298069136
-0.12353994613015787 127.3727893751695
-175.8591557591836 -70.25163554752648
30.127669273677114 76.37308705402577
49.30796183641728 -17.45013502246798
-48.28674329779256 -19.854241404084682
-8.423145034973924 -20.37606873623628
-11.029416340701136 -15.78790017014949
-43.52553098350458 -7.514704672928489
18.236130742466685 63.45281185868573
34.62517424221072 -22.457676842597014
-60.69639146920074 -10.924154296163945
17.357810487578053 27.078484844479068
-10.40354927979048 0.6181918762060771
0.9440550898959905 10.934972797700196
-14.143851400924863 -37.949033241840624
-1.3230163010365137 154.53336217723717
159.8812120420081 -72.16277855324579
58.57652528541466 81.57966247880111
24.82981219316587 -19.30364350193917
-76.3885937359401 -51.03595583865532
21.36823867952794 54.182259662090594
16.06970843209953 -18.51755779582975
-52.85989480231957 4.47457008018857
34.431415787169634 61.37246224393496
0.18743825752698798 -1.6693064334782175
-7.484234796182655 5.556284242433149
-3.2020709285775943 -5.160146236630141
-6.685187005165713 1.2128128598552796
-1.147592429939258 -4.682326180283898
13.254045415233938 22.111637929945736
15.375235882763 43.17808172336794
-44.57241108233343 65.98961118804743
30.822003108299825 57.44302556220322
22.138630636035757 -51.41531883157638
-74.95161630540346 -32.00584046863555
13.534384463211879 4.168276007913801
-4.091359001621603 16.321300314928234
78.0682447980824 46.77013554047527
2.2931647872161784 -41.0677059492016
-11.328143217898463 4.9515301226942
63.9131963150218 38.41526719110787
-62.23319803754063 -86.86528986182611
-51.073200526685454 11.51775446584988
42.80347437148446 18.230761211700408
18.412523266309613 71.9094587004729
44.92698877661844 -71.25284928589787
164.17540060992846 -66.2537243612325
-7.828538400374113 -28.566943081310683
-3.1289520005225553 -22.812669387987135
-38.92217377366068 -4.585876990926737
11.446415597113319 10.041106874205171
-1.09025405365441 10.772956462489386
32.1353276546703 8.50814759618774
-1.2220369164809584 5.808382552802782
21.325033138318176 -6.359118600620186
9.900817392348678 -22.632588305253996
-16.659369942016216 -45.230370278223546
-3.090519802860302 5.3551871398066115
45.27205202671343 23.970580773203523
8.12628868303292 45.41313269256132
8.910025825498968 144.11224081314492
-165.84961119679912 -104.23818740424396
-11.26573092533394 -72.27072435085618
-58.7814937360405 4.885684236299184
12.177021448203412 8.674031892284068
-5.519682836581894 4.243136671397194
4.330505468742385 3.6874993559570366
14.539910348015422 -1.8101839466765937
11.66839931333047 -7.180010205105279
7.98351617346999 28.00129066560356
63.481637533795094 12.119887110597112
-12.092476968926295 -31.423366439687168
-10.381903544951555 0.10010995727391094
-8.605854092729748 -7.001215002593108
12.935895920909273 43.90008681175079
13.352870883326197 179.94629235567245
-175.78987142467406 -91.88143167589662
64.09992603617236 81.75107298434992
47.172460043196565 -12.419267381206787
-66.0948880098598 -43.97979962686813
-3.23598135235149 -15.460873812484579
-2.1751229027409402 9.238556922099892
46.17919369663745 7.287061938544028
-6.483770794670835 -46.96227808172146
-0.8571192959428865 -14.121100844929883
12.491123075445005 -6.942697969715925
-4.476648471643567 -39.909296749898864
-7.482043520797061 -6.120267662510249
-5.287356794658451 -2.1933498126712174
7.62092528542947 43.036942914292375
17.15007973702612 90.18734118733397
174.84434643422642 -63.00757190079142
-58.452280555730496 -80.41703214231612
-32.76236675014357 45.6413708767489
82.58443477039226 55.89424456275106
-7.382055555740221 -39.328078535074944
-23.995547390216398 -4.034249315807
18.176983549117924 15.602273790274056
-0.9873352898155907 -47.74707445241095
-26.22500252243042 1.34823663614027
35.374290142988954 16.158771807205454
0.6195990980753553 -29.448699864389067
-7.44838637278191 12.734746856755025
33.23634068853448 2.5915117674949606
-24.007975546063644 -22.190160780559037
18.19549570432832 53.90079941436244
-144.63843986694891 -32.56717876302715
9.171780636455258 -90.60714613118179
-84.2919219519188 -48.362118885145
-64.93115933316196 -15.691111003844064
40.570271600382256 68.76130468226049
29.03253210732804 -14.22657026575268
-42.83542134464683 -0.728484774769779
15.380717331837275 62.06941635779642
23.16554320262243 16.400537165273583
34.66522363428183 10.535739058145982
-11.010726937141468 -48.986796785285456
-25.329036058909153 16.907243656221247
52.69738988852258 5.6450643604809905
44.714355585147395 65.51992370450847
53.78013664598356 -79.3266904110401
176.1760023793662 -59.34614092035492
-69.49299629147913 -91.22358525548468
-56.953129341390564 27.172945178206923
68.6432530779033 35.493169584712355
21.46003308094975 44.343184056226285
6.14415450737051 13.180361968752248
55.581418764580214 28.378500415678467
-45.25986632922442 -76.06336963550999
-48.17792649854624 34.527831410265634
72.43822081219713 31.923950110393715
-33.5500848397958 -64.534678829884
-35.93642296159247 1.5334282963266892
-3.3644207214226975 4.880155206251597
29.317785421530303 48.142833299313736
14.853859925364732 -48.971206095505266
179.37295309433946 -94.30991434649715
75.4384678666464 84.04293864808001
7.4334155556772545 9.86324017487221
74.65886864691407 44.527184093491364
-3.5262184773977134 -36.41448531566544
5.123981664054379 6.454631096394986
19.304784551651654 2.6428893524397736
-40.71042652198725 -56.825518061050694
-1.1761868731718288 12.723498284875232
40.35686403761483 6.058549159263772
-26.90545078220006 -54.72102778277353
-4.092093012937719 -3.540894818222814
24.847263512879028 -0.7287805726388474
25.122002646487896 13.676902056536875
2.5206402474880205 -31.845133410677885
178.99319811269308 73.08466533303269
-33.49715646263593 -41.61330940413395
-18.893415019670748 61.687855967291
84.03791359085442 34.40423892906371
-20.973240410995913 -70.61651716427137
-41.11340375144521 32.52037885749508
62.0851916864392 30.33625777361934
-17.79658690860559 -69.22965334790284
-44.79976139502325 18.89602413913941
42.64031659921389 11.231761025419955
-11.077573224116128 -32.62772509502318
-4.647193629519801 10.30168359158439
33.76314636492616 12.232379432376495
-29.099544090338274 -64.24898542134596
-30.216657698764532 52.94032956562843
-168.04350492856963 -126.66608740159931
22.11642697127539 62.57694813142312
16.642434602476953 -2.6041684520188686
-29.458529007388268 -12.751662737447793
15.24705613449437 34.906601949906914
9.831436631299834 10.956063260845387
36.340886599667805 6.240752460554697
-45.37802527943049 -61.97490343770381
-12.582938657656268 10.241733147899902
-57.10366746134771 -29.629305916509598
25.78701396723945 74.40497436416564
24.653856271412778 -16.20619564339895
-61.96775407478591 -29.390965340250258
-34.565669457396545 -59.630617109848245
-21.451825787685344 156.5039691415412
-172.33484594724467 -83.04201286051376
-2.741715121551197 -26.065093762329223
-40.77945308284507 8.346050376192885
-0.4016257049609582 6.631435150108894
-5.619498523015477 1.7164873726720509
12.633469451406372 13.564937040543938
35.939097037850495 7.918538191763805
-14.723110543129174 -41.93456679474678
-17.82794187063363 26.08323010510104
46.73589426014845 43.624096689896824
2.0812607963379683 14.580936074660514
-1.9131628640127851 4.423868868393982
7.5137740570299405 6.004540014790948
4.996428656822026 46.52588793184521
28.754824783284363 98.62298326562697
176.39372305670742 -114.81806300279256
37.41032494415054 76.37304966716648
55.33499164011302 -10.34097683146694
-38.399715927687595 -37.12031952649386
-17.01267517440478 -61.001325438938714
-65.03198131219703 10.928323154610295
18.95574284614191 73.37327234307818
16.729948704425215 45.41365434674482
-50.69801814234029 -0.8498676930606148
-11.892325569196615 38.57141422469521
-6.061628749002877 -15.442836753640655
-53.60662840063234 29.123323697031744
59.40722561392416 32.808145876341946
