-67.18809116564456 -178.79311908387578
-76.83003697002992 115.31658283512023
-166.14938282183104 -84.94536794705463
121.67142849760891 -177.42826314777793
-98.62406026542585 131.95786330366045
-172.59801228787936 -111.29278431010506
128.43365679389427 169.56930959690106
-118.16568966338488 115.62420971294111
174.82269796861988 -95.09899981972669
103.50191840938405 178.62991410501118
-86.9186572643269 90.91054849477365
177.27391925691367 123.59795261380971
140.03387873979096 -169.08906488211005
-135.45362079381368 39.11880959533089
-176.32787172041725 -88.55857478876551
-139.3186337866325 -178.36084940801513
-68.77298901681003 -60.791316488049446
-176.106005299354 -82.23798146400252
-52.57575687660781 177.81766537618606
-68.96969463555861 -52.90408842058717
-179.46183507482155 -73.98648420781174
-56.22814097330281 173.39897454725002
-69.24166604565069 -51.32446798703741
179.03244156345568 -74.85489849265974
-40.904618383025515 173.80928204917282
-68.9039129645618 -57.01601871418618
176.44477397592405 -61.76800248826897
-60.32017602731462 -178.44699603093346
-75.12529777144506 -62.10079237875332
-175.9771553455907 -71.58701614340404
-53.27212673264684 178.99924896150253
-70.47168495398353 -62.86322273142189
171.21952488764956 -57.93554880308513
-65.28080288868063 -171.83897943402562
-76.41001338533938 -55.849039470620404
176.45285000077652 -67.05970408293587
-54.71135143613564 177.0494276809205
-68.8721840041414 -52.86639852388716
-164.9476797068714 -82.07890958649679
-51.90079857693618 -162.88704064122436
-92.75812566364503 129.91507276457128
-165.24053236439852 -77.39201819280595
-34.36543178738213 -163.66476275132496
-88.42278224363227 -0.722391399412673
175.62957370046587 -108.72019251494235
135.05776863803518 175.12406867678516
-80.622371789858 114.85601673043143
179.60015823187408 -67.77762198047286
-28.93946604814291 -176.68805574685294
-83.35378340490807 105.19700612758449
-174.972065763039 -108.6308927644416
106.7068911129696 173.30191656289438
-86.04002771719162 140.21985049143774
176.55684033327827 -128.7574072863362
104.73594879793237 176.34301434988578
-72.61038223013097 112.66276598973957
-177.2367365414539 -113.31352148628561
104.74925738435712 166.74696279692108
-68.60331874000256 114.52091714797093
-166.30329846142473 -75.33365013378966
129.15159629321425 179.46324795111127
-132.63765073702902 148.95043340871743
174.7202978792688 -97.90704160923464
90.22146707335634 176.29691644698562
-90.01315944557332 -30.058660553301966
-74.38678402271086 58.32858635582537
179.53098438950187 173.52540228087986
-85.18985418725114 113.30713294765698
-177.634619474785 -60.575599515290776
-60.49082180238706 177.04357033107735
-64.59101856051518 -53.203212728448165
174.02380255625084 -68.33177665969839
-64.06961826375664 178.41015083578722
-59.62074659750808 -64.07706223600437
-176.4630298347372 -65.24183525830594
-65.6762022610182 -169.57960874453335
-72.59917476945826 -42.04834247040583
177.39710619412392 -86.06987975887824
-66.18108586909553 -178.34724988091486
-89.03947992651814 -13.195567291676062
176.8562834343409 60.37603547978715
60.376640028872075 174.9138000064837
-140.00202939296324 118.39272252787133
172.06124654300493 -90.81717061606658
79.06345899912017 -173.55481085093624
-56.388804519898784 -46.28479975732486
-175.0880272535413 -83.67723613553873
-41.853507165445606 -164.72135928409236
-104.71564006465006 -52.07900542489775
171.3050879931007 -108.4290601914592
78.00427620395784 -166.70469234038342
-77.89499016691009 131.11988618946302
-177.55371690799808 80.4014745517536
38.489062672919346 178.31736272050023
-131.3524059948511 137.20055536954712
168.49241283398084 -94.6914457002553
123.66312865106885 166.41751153043307
-88.77765317655152 141.74878298590804
176.3285175145595 -69.60758009761707
141.72283126300664 -173.46453854729572
-81.98150311865705 -32.13465253773326
172.34696590274717 -80.73592519756168
14.789798230746634 171.68530581840741
-100.38296920700093 112.73579547354183
-163.11114745105627 -103.89608420129682
104.80251196504369 165.5970883962602
-69.22081455209505 125.45610930895296
179.5690009490237 -128.20275319922374
114.21531960644501 -167.23838175435603
-85.40476297150123 -24.55222917283199
179.03849060901592 -103.18407100179394
116.87458907889774 -162.91673763318343
-78.17997191916284 -47.58869916939421
177.54629793162496 -69.7529948516093
-58.94517274851865 176.1113862382654
-67.92452625434143 -55.90676474716131
179.83859290779958 -65.6981829472117
-55.06754206726765 -163.1571542171366
-92.3575811848359 -31.962652945189156
-149.83946617477605 -75.66152086569797
-37.179515264016906 171.52916291966707
-91.14404945623707 5.891482650620811
-167.44015018572415 -86.6798720839985
126.09708328804565 165.88408472132804
-87.81593923078547 -38.16158006481629
-176.502178742351 -120.67476513356456
113.18045603559843 178.7107619992995
-105.42604550477897 115.46610569336501
-178.69169776601115 -101.17751716997108
101.58246215779785 -178.47202710718776
-87.61946002222896 105.29567632139103
-175.0224589795 -134.23608953307914
76.40652203870495 175.60953222394767
-120.61933347396217 154.18727917978703
171.7181975000463 -67.61055307066691
133.06320287550216 177.87997411925758
-51.709222554890964 -57.82937133782353
-166.98934368820667 -71.12778897493766
-21.72586324265717 -172.92859187846568
-98.34311930901228 -22.192695497711334
-164.2868771707467 -74.55772791959451
-40.90558910994401 177.96523041692055
-67.44624118865197 -66.19674567702104
-176.754758544845 -70.89456075325486
-46.87661254199745 -179.8242114337804
-73.65801474928108 -57.14377668827248
171.36788303483672 -67.58493361668873
-58.578926617048104 172.97552973121063
-59.212312943819526 -52.79942938574168
177.9527038180091 -78.27277100809233
-41.01747797604693 -172.71673259175586
-88.10227667107499 -31.269043660541016
-171.65955843397396 -61.65536301968037
113.89138832554424 179.46747426494272
84.69927700054147 -2.080685868848733
-169.40135749770053 -104.29736012719395
19.27390299371815 -165.75467516248563
-99.2429792862548 147.10178957016794
178.74173593989482 -71.62265529582594
136.24176987883595 172.74569088593935
-61.810602512957516 127.0334529509049
173.8303645479113 71.64812644212478
18.75303722814246 169.0958440863661
-61.381993528075895 140.51253219547561
174.595855451463 -119.14064943327668
153.5681527211335 178.55425237879732
-128.41023041000273 152.02767493356407
169.53933903643247 -126.69259660010555
118.39314247964573 176.16301466659536
-94.22851518300271 118.38162008025022
165.21306697543264 -98.03499763698201
2.4096642243831803 -173.87927490428237
-78.68283920592786 110.62968585417278
-167.40382916256493 -108.21453477180903
112.97490691935116 -176.1694676431766
130.92767448955428 124.21484688984033
-93.40990571551372 -129.22412877324388
118.69900051851846 175.05345431570782
-124.89884081783609 122.47247621724156
-177.6705523295286 -75.48928605751772
122.49044739062053 -175.8532499326487
-69.59933927188166 -50.39873005184165
178.383016326773 -67.60236096664133
-44.773942144686565 175.6407987589959
-78.98909647438026 -49.27235298454907
173.59127244359246 -68.18791613315561
-52.82422790493189 -174.00179120167445
-77.57947015273975 -59.14859948078568
-173.87829647524464 -72.62427203272298
-44.7929742060676 179.74855280956484
-79.04487242946266 -58.34683700291925
178.72729431546915 -71.49430340290724
-56.437216431382716 -176.6869272641032
-90.0509642786909 -22.257289737806573
-173.11930424846585 68.3049165806787
59.40323859965211 173.53797436636012
-117.9966487743027 140.97188800332742
173.53158249711257 -74.40585068456004
128.39882829427967 -173.89869396375158
-111.98618470470554 129.7557062725378
168.8037351662531 -108.91733614559571
169.0262684687663 174.51605270550903
-125.12432412405074 142.81204978646718
171.09987334459302 -120.5338207242725
110.20821209392923 -166.91116670839338
-139.49682423169742 121.09745082802274
170.45811645878453 -177.31639493715366
-164.467978316536 -175.5103583702779
-85.37891255751381 85.69133940203265
-177.68325926735412 -137.73592173845344
146.14920131272717 172.51617965435815
-131.3737031565921 137.06221855955388
-162.9386104937316 -71.1076650555039
-57.73056615239813 -179.8570694022938
-60.89793663798726 -64.19210478350462
177.5175144770871 -69.74222754660954
-52.659077910467 -178.14714057301023
-75.46758868554681 -47.01825035355751
175.98930970974357 -72.55269622373523
-51.80021009158798 177.20066710537694
-81.29888930763813 13.55916927255224
178.35418807227117 65.4850245547816
45.21166570857803 171.86675336892554
-85.17759606735495 121.63288298584781
-167.13496560295383 -66.55287119103595
118.52588225216486 169.02754976092072
-153.06052826837563 176.75878102917986
-178.24068978309788 -118.15744378704787
167.30504533486788 164.44369696959774
-141.16716127128984 160.4716578830067
175.01988569679352 -104.97583457660677
123.2614786844726 158.9968772209874
-100.50864045014784 118.40963346559701
161.87842944115943 -98.95325418503757
111.03906108365558 -170.53646405393928
-141.28616114777293 112.52000456296541
-173.98944529969685 -76.0959665063368
-45.221573893288564 -173.06631353477994
-91.34765879270756 112.86965445997662
178.29046224946026 -64.74046962806312
-61.31888125392801 -173.04120781665512
-74.27846253084962 -45.86734481209313
176.88902238396457 -75.03024664528682
-50.38035386487872 176.41559435693924
-70.33042134533468 -55.11860062102568
-179.79550381501662 -70.59756772816645
-50.10227403074612 176.73222707465405
-73.07848249366901 -53.396174990714314
178.3508325142252 -76.09037741076072
-44.814839128261745 178.18298412958697
-71.2396183513239 -56.54985712658369
176.8182885451155 -70.89666566944646
-49.674501609358515 -177.2094077964161
-73.47214160172841 -42.36558335762483
-163.1992196573848 -108.20001249473938
-22.14680035886782 -174.88680971200023
-82.07291177040686 124.75244974693084
167.1393383188675 -120.36654619188805
172.87987354693996 178.6010343113311
-71.4315386724083 -32.73969396841305
179.1478621300488 -105.6512286757708
19.116688708149105 176.13656447384514
-130.0412285006218 89.37487110253498
-168.08667738256494 -94.704045062954
129.07651999187715 -166.29887797877817
-112.18604606996985 125.58491785581553
159.2754108785918 -109.75610005491812
120.07818903325446 177.3035790985308
-95.92640283084269 118.50749965256722
173.1283648417311 -121.4489302409552
155.21326807866802 -166.4983081756983
-92.4618963421819 -11.825013670081733
-167.9408408011717 -94.59169735204533
91.16751796088916 -174.69649394375895
-70.99939846222013 -67.03973344230639
-171.90394264231966 -65.90034354638323
-54.35337511180179 -179.03702545538093
-70.12656946500879 -57.38347235839617
175.13416016946513 -66.63956181989171
-57.15843673732613 -166.93940974286954
-79.41404531564983 -48.25103092122976
-172.9972159845879 -75.3945961553648
-36.96345742762537 178.20348778199767
-62.6720966281358 -52.542631094908515
-172.1686572721843 -70.91297563625865
-43.36084557119774 175.9101765063892
-82.81773452604594 -58.62356999797957
-169.9862635880503 -75.00754963719923
-40.624544517401716 -172.6982146104572
-70.19526408054907 -43.68124252862301
-175.52024570009422 -77.01453765728573
-38.78137295722483 169.9739589980292
-71.93521704023185 -56.54637045525082
-177.36070645879448 -70.87726241758207
-49.04214809133045 178.0023247082058
-69.13548670338838 -49.24668141390994
176.72799170389007 -69.91316117304586
-56.320207545706374 175.02801951253988
-69.98866574956891 -57.168842207457104
173.79437019803552 -63.61810940796115
-58.163922245120595 176.77328112034428
-65.9226131276546 -54.224109939596104
173.33065141373004 -62.90138681327142
-54.07258238793379 -179.8870202979808
-66.91048966671103 -62.384452270515915
-177.44882028636007 -67.16034487037841
-55.66991888666736 -173.22370277018794
-79.13313807079383 -35.27438170578772
173.34697956814858 -88.61982474604578
-6.514774888224058 176.02438160139687
86.05496897140355 24.051891289108095
-177.33249395383226 -78.10192001041656
142.71524222799002 -176.37532904235348
-79.65691502919765 167.22492543424733
177.97334048442755 -66.54305543683837
-45.91407197697682 -176.8380031526619
-79.17484358101153 -47.096292460451984
167.9368032349461 -71.28569113543898
-55.97650194458618 -175.73520019975626
-72.73880852209759 -50.812581074543296
176.41317938514698 -69.54559793557125
-51.356491587583996 173.06541654772556
-68.82852533114377 -54.28384984105633
178.7963478351963 -71.80137786350033
-55.99079960976004 -179.90105593697342
-70.77803930102397 -57.52569446936581
-179.25801069803444 -69.15301569418895
-59.30768933528878 177.38143178241137
-69.78860541716855 -49.3494435506727
170.20146022679427 -66.08671781476018
-55.804332054615315 179.29407802237924
-70.47190123921085 -55.19827353838263
174.85355265314163 -68.76979297448719
-49.708575329826864 177.78559567475222
-75.66298018128988 -48.0606041720174
173.2135456721825 -68.88007278705119
-59.64550346557741 -178.79162424330656
-69.16769101397767 -60.35322760877394
-175.36103546812757 -71.94657645073544
-51.13829250012153 179.061336491926
-72.16511559688773 -53.19782443216256
179.07500351787735 -70.36454397461176
-58.11147804411566 -178.88327816428364
-67.10441162755401 -45.20058199674734
-178.59425327138337 -82.66968445136942
-46.64798986890171 -164.74087364913277
-98.41994155240366 -52.60930836718365
-160.08709046300245 -83.7752199699247
128.3110427632171 156.65266771791818
-72.8586223159332 162.52133544408613
175.3971911947599 72.90432454984277
159.11564267687334 -178.05488087852774
-72.74927851573062 134.1844638605444
-177.44153780110054 -121.08795703372654
109.17241487433802 -176.10450687709258
-105.63952100928685 122.48044338008788
168.28765412462002 -63.91247629771131
-54.38659951974779 -173.06365048478494
-72.91015202278336 -33.513176278475214
170.9103277165878 -64.7070497014424
-43.95264587340472 -176.08395848493316
-79.98667921570086 -9.458920746016235
166.53595417881775 -84.32415846169873
-6.312717673894358 179.31277806489123
-84.32433326297354 179.2336413281992
-174.00958965924505 -71.49113803767379
-47.57487211349331 -177.12493188778086
-71.07355913781645 -36.7431064638806
-179.12098368168085 -93.50588024109621
-93.79215428520028 -167.96481976073673
-68.9130124698606 -48.64260621364162
-169.70913573795943 -78.74422342875329
-59.34231410215611 172.62095946838411
-67.44810780184194 -47.06317955659528
-178.31396943547517 -74.45334265254104
-58.04334591949239 -178.8829070859867
-76.00594275771405 -48.72000302841392
-178.91876572043304 -71.26685428021449
-51.09936060194496 -179.8399819498124
-75.91995631947279 -47.65535276316987
-178.3692199716313 -81.80525112116716
-29.357496142424772 175.8311290691518
-101.54925500346053 -6.617144318539694
177.82579946042844 -161.93465547908846
61.5575131983725 176.27384306342765
-110.15746575785083 173.51109526438026
174.25242646056094 -77.84458502777208
-53.05946737866883 -78.0924907242288
-171.0855570488201 -72.94918959069189
157.817359671058 -115.8820186437968
-178.98403771066108 -9.328295579909291
-74.29960901662498 -59.63400940404972
-173.4687914712989 -68.61466057558388
-54.97386525671632 179.128400563367
-74.89584422504024 -54.16045037532449
-178.81238945265454 -67.64259486421066
-57.618673613558386 178.41020748948287
-66.99887722534511 -63.52734338705342
-179.3264760860987 -65.16622869644458
-51.32275917505824 177.1539758231749
-70.89656804559321 -54.934779762169164
178.96649227990528 -76.22315353901287
-48.69646291548167 -172.287880368694
-85.04467702718989 -41.97418763916746
-175.4091736699002 -104.43538770125383
-30.864520587457896 -170.9982050883258
87.04046289694274 -10.5250462788079
-173.09175253105542 -78.0547756678102
118.59496875638382 -177.98134246807902
-57.71319048822474 150.4092624887282
175.80220142333908 -76.45843985631227
-55.52515499973228 167.87993082185298
-59.55210003299237 -63.774937947195816
-177.50808583403523 -67.29831907183515
-57.479807236892825 -179.32454537185518
-78.75992585050894 -34.125470613059164
168.68688910862016 -73.39824493415388
-62.70175315027447 177.94621561379034
-65.0177162772112 -71.47873112496566
177.74951016880058 -58.10895940153356
-76.12414001874504 -164.06006020014604
-82.32562718240575 -9.280860016800512
-167.68697817310502 -143.7766557418526
-57.238009581518924 -69.22325528336289
-78.50219586384985 55.8804596852091
-177.82621438921245 -73.31012115377325
132.2938130640117 -165.40589495100465
-88.15294065005614 115.01809331976959
167.23931026106072 -66.81022954887354
125.41371979708595 -173.1540403417872
-84.88509793375397 -51.7205652232417
-177.53904947068727 -58.82160879208398
-65.39083037743573 -177.22778050248374
-66.0362048866452 -56.987713153341794
-177.40467453202774 -72.23505191724752
-56.26445777547263 172.04430606618928
-63.813546106861395 -55.84906386451347
177.35061366640286 -64.87005326900221
-55.92231167817667 177.2095897727373
-70.9653028286215 -51.66246021832026
174.59015681215794 -71.6463665763399
-52.683682312882716 177.76440846407132
-67.13793486439964 -50.27165791604088
-176.2484621820056 -71.73512231683443
-52.52146871718487 175.446523378118
-71.1221608542956 -58.81949434000848
-179.31061875003067 -68.41932353516833
-57.652798647880346 -172.44864028200595
-75.10472448454237 -43.45827032260767
171.85269518278417 -68.61800540451887
-57.81233691170369 -178.2697181487626
-68.3320956706735 -32.83689101040933
-177.86819129862462 -101.05698289058662
-4.052299272568243 177.7967454819998
77.3603913708475 42.1994920450667
-165.30686787115462 -112.9616532604689
17.93576588636429 -176.1445974772897
-63.16587701571027 -43.28962736445025
-176.1343652270676 -78.80200731401084
-23.56621819842266 -171.73380024553705
-90.44983914484463 -7.622934573514475
-177.46329652703935 -120.06394746753215
75.00978465383368 -176.39765109541807
-72.88015985979162 -44.769123687223434
176.53556515106595 -72.18096345401256
-68.40370845063218 175.694910181317
-60.160364585277186 -51.636374468094346
-173.90314895796493 -84.89986320773055
-34.12354670652792 166.36500082336366
-72.07696867682711 -61.22703336775929
170.21183316663644 -59.6421921970149
-60.157349017543 -176.4590249442148
-69.65836250658921 -58.60417813740838
-171.9115464335523 -77.50262880027684
-42.32772119136159 176.45520178412482
-77.36829840463214 -47.75462910804046
-175.86867556948764 -81.91391125530191
-45.83261013897247 -166.4174665297856
-113.08403518076202 -42.67005149432434
-177.6552171515596 -102.51567170121027
32.48635072732919 172.370236879871
67.7797627773174 31.357985921082253
171.18080609942953 -71.85333061436575
122.82286393114518 -175.23758933070195
-73.6710233311794 120.60630690788778
-173.37304184377115 -72.55567876249606
-31.6866644687257 -179.78008924113337
-75.22388546631613 -20.537127814537538
179.75731172996163 -99.42925388518661
6.1619694659130735 -178.58097713076762
-60.20188431597713 -52.24971510267448
-174.0416298007218 -75.48193441998166
-39.02760607222026 -179.17994648393127
-69.345128116316 -43.37676932951949
-178.5605707961093 -75.66021087094339
-18.14725403641664 -179.48331196627217
-100.00525373550043 7.13884302416067
-176.10157061385794 -88.03594523812811
-15.309592843847414 137.29288358234555
178.96072232568895 -164.2727388333854
-164.92151267231077 81.77914028093062
178.80768970371565 29.47792026604694
-77.56276258505602 128.548579455776
168.96327129749184 -57.37889225426328
-45.59303946308341 179.47994932733943
-68.97480315929444 -39.71120124112636
-175.05662626927707 -98.82581336159656
51.39318982090946 169.79725673319072
-69.96927347545767 129.6933306842793
-166.4002490601239 -83.94613145088485
125.53816183385261 179.49034493206153
-95.30817750429871 126.53059802993766
-171.69234131378624 -106.14492081704793
125.01778458848712 163.74926051310473
-115.05648327570069 120.28131024085891
175.75348384978702 -96.14049224978257
102.0113671191428 -175.90920949406538
-90.3000294412264 94.84566389255355
-169.13692832996495 121.41304785882207
131.62521252484564 179.40609827725066
-137.63177820478106 43.687530581971345
176.27300458472587 -84.30896179209984
-134.88408791555744 -176.72127676470615
-70.53303798167931 -62.605737943971086
-176.02512568688962 -79.65566338436217
-54.71733006987193 176.5916882977698
-65.0699485895352 -59.9275411303641
-179.45772958771195 -70.31954428547517
-58.204031917490504 177.54659833501643
-70.21482132138223 -52.783331678221806
178.22851901459947 -71.8101760599709
-43.671368818846766 176.9471302805216
-69.65187785931764 -46.202614727950206
179.2338599839484 -68.15009995033346
-51.23950115210234 -176.74596928768995
-81.67046969285289 -59.36872444786751
-168.0274440975727 -71.04755524208166
-55.916862885940255 175.32439150234327
-64.96029412710155 -56.94825353686508
-177.4482858965822 -72.99597625317516
-55.912026453010085 -176.23368655774954
-76.25128450701057 -44.00380684995978
-176.15880834451497 -77.63152465399466
-45.857550152249765 165.6132333362161
-71.55276999891724 -59.577567698760554
-161.91358749762583 -80.05377372163555
-47.20515821240053 -166.0903887771763
-92.98475074919718 124.66002893145826
-171.00041123075627 -78.19056958082845
-29.29645756887055 -178.7882687465815
-79.87465223629064 -7.6534073437248695
-176.79909231521987 -111.72155154416927
132.90727469054275 172.22910527792726
-78.79809829901306 122.18708483526069
-177.22134567152622 -72.59910298830061
-32.63898159442237 -174.01649692303215
-84.63129999747581 104.20706893706846
-179.58255632442842 -104.16533949902671
109.10987261043621 176.5860946924883
-90.2480696653207 139.31803477541578
174.8061378337343 -122.7876114794831
105.90362453993849 172.5161931815183
-71.63143523090095 111.02739369043333
176.89349340831097 -109.14567874635378
99.73117227105256 162.9141289028032
-59.126793904182705 108.83956513750528
-166.28599179446732 -75.64798753598092
130.21269592628317 178.2665053380908
-137.3251960737834 138.37766195720312
179.25575969746623 -90.45997054635154
109.90658204671858 174.95935343021753
-110.89173255294186 99.19162357454903
-176.640102781067 69.32741100210853
55.79869591963097 -174.4720210903507
70.7867936491977 37.63710112836328
176.06378657343421 -124.0231134329633
142.07086356377948 -174.47475753972006
-86.47191989687111 115.224846277764
179.7625526601211 -63.00700392696019
-56.998855573173465 176.11567717007142
-67.03831426247629 -48.74409504590635
176.56452369473277 -74.01408608831754
-60.38757745725483 174.56871715287042
-65.57836336545043 -57.19227995347381
179.42617749553645 -69.97852262762044
-50.866468266706995 -175.94121441674673
-83.44524234600897 -21.692399577658307
175.87786306577974 -98.27952972397728
-57.59065179874319 176.68904470088987
-90.41433494611294 -28.462868348653675
-176.66221474981555 67.40325610291538
59.55500288353999 -173.91881794122
-140.13859241898166 118.69455765047178
168.57788782112766 -89.3548663178783
90.11740935204233 -171.42259056016255
-71.43684399590471 -24.602548133782403
177.17953968860863 -92.20452935376676
-62.14200136796271 -167.0393358315318
-99.64314339583335 -17.318058001939097
173.7934996962024 -140.62675640221866
68.39293661328044 -175.70351430470006
-71.61716165124957 144.1043179910826
176.64177392885048 86.63120859747585
-14.336191169952981 -177.40013283558443
-106.7027615910984 128.2375985806574
177.5688640673458 -93.95943039731685
120.85307140161513 169.45916777967585
-90.38978986041231 132.7818237512865
170.91023853322972 -60.370668575538076
126.11785198665177 -165.18244763623647
-80.43253045024643 -15.536132377668654
170.8304933581904 -81.5607860024481
0.4137361500492347 175.08856918969985
-91.96266222277092 110.42770709324475
-170.05376828874049 -102.34880461387328
109.51825272947458 163.60086730424695
-75.8345819559851 121.19469069273798
177.91677430481536 -122.20098888400176
112.39770332756314 -173.32256306231707
-82.98967321749866 -24.699040030918663
179.1926890217539 -98.00303316060358
113.97151866891939 -165.58101356801708
-77.04782510308047 -43.71413078733888
173.72111457293707 -70.83929975099532
-62.26104706981491 176.02478772576472
-66.15461284931902 -51.43754951493172
-179.3670775071107 -69.95837373325456
-56.72848230976223 -164.86311102603548
-96.49332108440252 -16.4479948861933
-156.1628954578572 -75.79496973322908
-43.15751219284488 173.69903821385262
-93.79158919218196 26.642105800395235
-167.77093609699526 -91.51087815189966
124.05416018690988 167.28072119923192
-84.88565441045735 -43.89563261312928
-174.51864796723905 -117.41980341041926
112.50098365436807 173.4787713608073
-103.15277806651602 125.88903711255236
-175.93113910351735 -110.8294623643875
102.92906446077104 -173.41552313644485
-91.33574954628115 108.00489014615736
-174.92362481954495 -136.5167475208341
77.89074792975786 177.79237392910682
-124.19017871094091 144.9063332816927
171.54603456497844 -63.79092093211628
132.20024158624227 -169.28057014194405
-63.13656572013437 -39.98880786119029
-173.24749786271357 -78.61621485386704
-18.52803323134122 -178.55332549954983
-101.80989227464606 -11.741941622657178
-164.890990762903 -75.04779266394002
-48.503026525776704 173.92067888349143
-62.339817583463336 -67.5356907076499
178.94213554728077 -67.70042883912274
-55.084612847188616 177.42417142909255
-66.4695687783027 -59.27540007616425
178.37153744303467 -70.56118596786578
-45.043057408855624 177.97302266393314
-75.81227550599404 -31.938675223898088
172.90695847539823 -87.88647650291206
-34.82935929707042 -174.7937717406729
-90.8575967755054 -26.55865493903217
-171.05717403052338 -66.26906454814412
121.3562149580781 -177.5505394858068
83.62960020567907 -4.802417642933958
-166.06158519808287 -107.87465930539416
19.586397141957836 -173.11328321728192
-100.93874161624976 143.82911865165266
166.54383406080518 -57.38468934544097
135.17543295658282 -175.36394951779565
-72.10763666998797 -36.106616761098955
-172.80183803884515 -99.39308562027865
21.753838135684493 -168.36072740658975
-75.99522320685635 131.75617851991746
174.66425213460607 -112.47758396492121
158.23373364679 -167.06037296100632
-132.48883194471242 138.5545383619129
166.1741291351689 -125.38394836181995
119.60283945002294 179.63583457948255
-97.55159399150249 119.93919603904688
173.4562100098982 -102.43837962546822
2.8637259750178465 -177.62814564865957
-78.16001746003754 110.5930059705318
-165.29724417826785 -103.96212567289595
78.11727498746704 92.00662947959738
-48.71758979302181 45.654868620110086
-179.9932093997656 90.6155888231094
12.622335336112247 176.45037053080728
-75.88805999896204 132.8051808328058
-177.7881999563007 -75.62671015815991
117.0646879834411 175.12948525805416
-62.83199904522484 -47.50048342757128
179.0200375541268 -69.27583826567039
-47.183349544118464 176.79739881183727
-75.11070693022013 -51.851909781190436
173.65481742944948 -63.16440674394933
-53.61142845218041 -173.71126573844907
-79.911862230644 -62.45358243850654
-178.7668442004477 -64.5342872586742
-50.457466460645726 -177.49596368859162
-78.18853196101519 -57.749658733457565
-174.52754982734544 -75.02624509211991
-44.65363092136785 -173.2812783270806
-98.96107085784068 -24.12487870348041
-171.20983009915105 71.3992051758083
61.59526741636757 173.0256565851564
-120.4856513280271 131.1346020443219
162.4599440877202 -63.27926015349636
126.47811317312664 -176.22244564846957
-113.19073933703467 125.89684828698958
168.70306212434792 -107.0199445782276
166.6991956465642 176.52124711655773
-123.32378821551366 149.04163618271687
-178.297877076434 -125.43953694424538
104.2886295260632 -167.60824335965984
-134.3966633634986 127.36209334192209
173.03871585912117 178.81207123714464
-177.6354886973071 177.74336725579994
-82.06768518269044 87.55003286558869
-176.55857170589798 -148.04899132938235
145.99641373678938 177.24940651554556
-130.05174726613097 147.97482870604705
-163.9885947124196 -72.70576579987477
-60.36939473051492 -177.8363841219452
-62.14678407995415 -54.84044548800676
-174.91031579796257 -77.4506841770053
-50.248670092326556 179.51955693107297
-73.65090849383266 -48.901728317392006
172.29369042962583 -71.79123450740501
-44.5176866810233 176.5280251527284
-87.07759939217921 11.145522990841402
-178.13576216441535 64.76159524398906
46.413290872555514 169.16900026483435
-84.35047893312885 119.08455947930331
-170.79453567269152 -64.00557107844526
116.55995772314338 168.17151219044044
-155.20192147482655 169.5205232540215
-175.1491702568309 -112.30790475137121
160.48710262848948 161.37809149706803
-138.65244179848074 154.86979347993255
173.26069456684158 -102.55600900868265
134.98889829270806 167.2468113077409
-111.02309539576024 116.64642355559603
169.0502803155598 -98.4820478976769
114.55676459692552 -173.75308871017444
-149.8585159082412 114.54745039618966
-173.96532298515746 -77.7077295792621
-56.24064670556683 -175.2953888078832
-83.65794995376893 114.89086017855212
-177.09943890481813 -68.07588450807698
-53.860190810973116 -172.85319135521308
-76.74748875078542 -47.680433208368804
175.8961314412105 -75.98694520078321
-44.10315565957228 178.2951684332808
-72.18966000866207 -59.397943626462485
-179.9515879406496 -67.2019827690474
-43.206560812219536 -174.28320894183958
-82.09160509815825 -52.57783058801338
172.60977859644356 -71.85071586995218
-50.79577741264751 170.8614333779121
-67.29230743240112 -63.5307617345382
179.76289316111615 -62.738761285507884
-51.52778513423511 -169.29190104826714
-77.70370612694286 -40.12443712257595
-168.82908832482875 -107.93104889269307
-17.784402294628176 -174.57745382415513
-85.35024066095622 125.8078394779323
171.62189831525336 -126.6671566716211
165.18812348230404 176.3482459164447
-68.2963679462373 -35.82574296530826
-178.05698726463336 -101.99857911071894
4.93406266900513 -179.147268902762
-123.78502322801971 89.10768596988132
-165.41312009735807 -93.33015419522171
127.90967649758502 -165.6222330316235
-112.49596826807235 121.58379114670316
157.76200908585884 -106.42373837388529
117.27153229273803 176.1051930097571
-94.59494637111166 117.8546911713862
163.60723067738215 -118.90451328588165
157.16812058971962 -167.45439386952222
-92.36647288433457 -1.6017678466087202
-175.41494902170032 -95.31383322808787
89.69984811703597 -179.59195140280497
-71.21516574718498 -63.07287561877329
-174.97934538930926 -67.47742713548001
-54.525012106192676 -175.18482229336487
-73.52837865050878 -59.73448033446707
175.23480431239523 -62.006426491682404
-53.21146624652299 -163.0554848584138
-83.76399548224451 -48.18487662550762
-171.7504419862525 -76.31132824199543
-41.069479083045415 179.3741860160936
-58.717611577112415 -51.00173207224579
-168.09051726411982 -69.92220512069748
-45.10772782822945 177.34197240395017
-86.86393519103126 -48.21361952208565
-172.35232721944163 -76.06236250106537
-49.97849945959394 -173.84157706256832
-63.92741719229566 -43.947052959910266
-177.4207231169362 -78.32557740051146
-36.3803311180388 169.449009176738
-73.302370559366 -58.203480979174266
177.2300004124658 -67.11066169147706
-51.258289317424975 -172.351354070285
-75.71390346447548 -38.58106754983119
171.28393226546726 -71.8773480556535
-58.45084873979686 172.62299952142922
-66.61688922357857 -54.78802472954202
175.7064530998756 -66.07457827348911
-53.95540736685829 177.32748542601607
-74.44212193029327 -49.67747356451258
172.76288032696357 -65.21287232899486
-55.32387483451662 174.88498611647327
-64.80069685827507 -61.7446600126442
176.08543043082057 -64.95125507465951
-62.46055364153908 -170.97767714432945
-73.66444156879271 -36.412429447227325
173.007835622205 -82.37397658000859
-8.973816572598473 173.23553093451514
91.37037121809607 15.287086248381987
178.46720517315887 -82.51670647812435
157.2150978316739 -173.86694294348806
-94.30879106807232 -169.607058898663
-172.0477941136847 -73.61705080232065
-42.77069746340614 -177.77402525571958
-78.16316739650341 -48.122620427622195
171.65502057189892 -72.81431943271488
-57.009777964034335 -178.2142346750418
-69.85930586915006 -50.56865753156708
174.45284213548211 -68.79463236475632
-51.63179322008674 175.40006816201728
-71.88116477543647 -56.65521437281719
178.6325564912858 -67.06137832504967
-57.543769174053594 -178.40087334449078
-71.98335793289812 -58.55285304779499
-178.28635184937266 -69.34371936889995
-59.67488461083362 174.40778537824863
-68.04757314223792 -52.50859293977336
169.59040668833865 -63.71699604185203
-55.4415463896307 -177.75455506825892
-70.70739725951229 -57.89213587544669
177.22086195698597 -67.20735115081834
-54.63998646502321 175.16338201685068
-71.39258357646952 -45.177352773426215
175.97506088549198 -72.49358428497514
-56.30160013188646 178.70236744971626
-70.35574451314143 -63.77258267224454
-178.44568116616136 -68.62850871890988
-54.02722354080944 179.85781669198397
-72.24203345258915 -51.47335203107212
178.90847852576206 -73.56791586969068
-42.45744138230852 179.77185159233093
-78.16153247775932 -37.93342384678062
-175.81096489199578 -89.36315954538891
-30.7565181941063 -168.20811394128555
-104.8453651698715 -44.304150827818376
-165.99836992385545 -87.54954975024336
127.46886325990255 174.68910683902004
-73.28688915555911 -66.26073940398382
-177.90245733382838 -59.53469303745789
163.65191496466747 167.11353468173053
-76.3949664238392 136.70734171110306
-166.8831840208089 -129.7720419501916
109.24881882760133 -175.42349732815526
-108.79007958993276 129.02799953937304
175.32995095754313 -67.44967139117892
-42.632986551161 -172.69513364176782
-76.73349103769317 -28.77324494900857
175.98466967871224 -74.69370916444208
-35.56933254009057 -178.82562433621533
-80.90156920314934 -11.216866837818003
166.30722977623657 -83.5411478808302
-8.751109016263854 178.17364425338667
-82.05047203573037 168.70304867574112
-176.973654815509 -64.73294051210351
-47.967140143736444 -175.38563620377718
-72.76114431861635 -29.149458435699167
-178.5013263227541 -98.23276200856273
-91.32986839284304 -166.32204760763037
-70.71529629912159 -51.61549470108265
-172.90081038756475 -75.94205396077085
-60.11269743883978 178.14024851028836
-71.0943602103236 -47.70139195707606
174.98780734629366 -68.67224554974887
-60.12831930477917 -170.4442864876904
-78.88141341904239 -49.26684027572002
178.54845995235002 -72.37948992306235
-42.229568003825705 -178.50524864461988
-81.10828892646369 -54.07280278531419
-175.12001494066297 -76.99860164196961
-26.403570962286175 179.99588232185872
-98.9948737387811 -34.55319004985906
-178.25445437659687 -130.1185792364233
32.46370754682926 -175.82074581796525
-88.72440650886533 150.8918703668743
175.8231660794333 -76.73478334373225
-53.35689852210188 -28.69789715134461
-0.7524288677529809 -27.255469226948616
172.17482921016685 104.71839821994568
178.33270278113167 72.60632802093082
-73.53891242983764 -55.22700270640152
-174.7189753304266 -69.57302170014721
-56.1548313345099 -177.5548619502993
-73.1543258323247 -60.6814932561149
174.4462106620153 -60.035625502830285
-57.75559805436683 -177.78528041477466
-70.00063989542737 -64.8768955688842
177.74990375535882 -63.04760915641731
-52.468953857724784 179.2312626853315
-68.6243862730947 -50.304804008044805
-175.07157877668007 -82.67837475416518
-42.94122546602755 -179.67590881811452
-82.9123477725814 -37.45197319472154
-161.63571284194225 -104.89184007714378
-40.09552441444947 -168.6770227752379
87.4935744120293 -8.87649779849505
175.04940479881625 -78.62533268806251
136.6091386166039 -169.46448284911637
-75.49464054652726 160.229235483908
173.26000995238877 -68.95887354746226
-55.41306412367086 -178.95436038521714
-64.0403737317779 -63.01329206896884
-173.5254231098965 -70.2320705536581
-49.98785704101808 -174.14463787153758
-78.09193220439407 -42.71154265440912
176.05942365347187 -68.59200131575804
-56.22997328656386 178.94203337844107
-73.40874299076665 -62.64331305853038
-176.29863109372252 -71.33657726177901
-41.614688876216995 -175.4656807181529
-110.70149265156117 60.51532835841092
-21.569542377672313 -86.19622915997972
-36.23169480888359 -167.23855140902424
142.59128063902602 -15.205886518352687
171.86542014898833 -68.26663416648053
114.47009746078085 -173.58100626816642
-73.30067067888014 148.85501983693698
-178.0381338904594 -85.87776295270663
124.82516803398683 -171.11800427711842
-179.820075556283 171.45620976826464
-159.42661845002166 169.62477790527686
-177.56734132202496 -137.36603103103386
-60.38536341690551 -65.61382799715523
-174.06035247675092 -67.8512330309686
-58.38454594707874 -179.44156201318438
-71.626950537881 -50.49513646048951
172.60291316707452 -69.0293316565633
-52.438788619670255 178.63483803846202
-70.26889139093197 -57.763328268408216
170.9509810355718 -62.15512351888932
-61.76360341289613 178.12570577444913
-67.83080070681117 -49.18621143514783
175.9502581112541 -72.27730324797487
-53.799516512476075 178.02599489787036
-67.09231176971966 -56.54442737318125
178.32846809105115 -67.68168003153757
-59.57534461378472 179.1114883027925
-68.15553369952953 -60.60305208075894
-174.23827625162986 -76.27200755052581
-51.09246041327908 -177.23296375017588
-73.0823036881479 -43.76801382934365
179.32847120400066 -79.64232119254659
-19.409835875905763 169.68591467076718
-110.51940120698359 25.577682300331244
168.84267001619494 73.36871004396201
26.562003635888694 -172.1422918647095
-100.4729411700261 18.204576314438302
173.53966393738546 -58.74564433446863
-41.67713400527702 -174.10987608991897
-78.2062700322702 -35.25129463871774
-173.69406154447478 -81.31131868757642
-7.276446344731327 -163.6200133369744
-128.12688554996 72.85630548236807
-169.75947959523793 -73.36743501277496
-42.66657787094939 178.52634504292865
-74.38248914881305 -69.54632903319332
175.06915500459004 -59.10956882777413
-60.715692504522565 -178.81534436780044
-75.02393652083047 -46.69707346284932
174.2049093303455 -72.32193922059713
-44.22554870593364 176.33232990954696
-71.63685389876368 -60.16836295030423
175.20675923582942 -61.975592600303244
-62.72343822432658 -167.8065598012581
-75.46900454986681 -45.1375933140049
173.63789956522047 -75.94474612265304
-48.71163781184519 -171.89386252568764
-83.02899679416959 -40.36369992101504
-166.8373865811865 -115.85025645866094
-33.388689020629 -169.6723680554333
-110.92234903635325 28.06444146698891
174.20076443630398 75.55246997725256
9.624354582638244 177.00720110965864
-67.17163595620124 117.79115096085388
-177.55613879500234 -68.73360128141515
120.8778366188808 -174.60619636757013
-68.41562986371184 -31.798172854671414
-177.51769116257773 -75.22457228812726
-14.884382417931674 174.1127065826128
-87.90902265054517 -15.97566115311271
-170.2862469264633 -61.36660989382977
-59.787903482300074 179.4327149118957
-71.45683430278798 -56.567975265495654
174.4227949762688 -59.15042640834943
-49.94346820570542 -177.87510085648995
-72.10531139422817 -20.353886337155885
178.6290601991549 -99.0624449276966
-1.002253499146778 -175.50204724705617
-81.21007116740641 -8.360528038860668
176.37729191166542 -129.55429735541608
59.43785106084885 -169.1173291760792
-78.41370128018293 137.63225583384752
174.88896872455098 -65.53889663457923
-46.34009014038927 179.94353051695774
-66.50130028788828 -36.183811965676384
-170.84736766400923 -99.75398899846104
